11111111111111111111111111111111111111111111
14000000000022222222222220000000100000000001
10011111111111111100000010000000100000001001
10000000001000000000000010000000100000001001
10000000001000000000000010000000100000001001
10000000001000000001111111111000100011111111
10000000001000000000000000000000100000000001
10000000001000000000000000000000000000000001
10000000000000000000100001111111111111110001
10001111111111111000100000000000100000000001
10000000000000000000111111110000100001111111
10001111111111111000100000000000100000000001
10222222232222222200100000000000100000000001
10001111111111111000000000000000000000000001
10000000000000000000000011111111011111111001
10000000002222223222222222222222220000000001
10000000000000000000000000000000100000000001
10011111111111111100000010000000100000001001
10000000001000000000000010000000100000001031
11111111111111111111111111111111111111111111